 frags  keep  reword   thin   sigma      q  rank%  cheapest                   chars  vs packet
----------------------------------------------------------------------------------------------------
     1   0.6     0.0    0.0    0.64   0.97   1.00  monolithic                   888      1.00x
     1   0.6     0.0   0.02    0.64   0.97   1.00  coded-context               1968      3.17x
     1   0.6     0.1    0.0    0.58   0.75   1.00  monolithic                  1036      1.00x
     1   0.6     0.1   0.02    0.58   0.75   1.00  coded-context               2928      2.34x
     1   0.6    0.25    0.0    0.58   0.55   1.00  monolithic                  1036      1.00x
     1   0.6    0.25   0.02    0.58   0.55   1.00  coded-context               3912      1.75x
     1  0.35     0.0    0.0    0.37   1.00   1.00  coded-context               1968      1.13x
     1  0.35     0.0   0.02    0.37   1.00   1.00  coded-context               3480      3.32x
     1  0.35     0.1    0.0    0.35   0.88   1.00  monolithic                  2368      1.00x
     1  0.35     0.1   0.02    0.35   0.88   1.00  coded-context               4152      2.93x
     1  0.35    0.25    0.0    0.37   0.50   1.00  monolithic                  2220      1.00x
     1  0.35    0.25   0.02    0.37   0.50   1.00  coded-self                  7372      1.57x
     3   0.6     0.0    0.0    0.59   1.00   1.00  monolithic                  1036      1.00x
     3   0.6     0.0   0.02    0.59   1.00   1.00  coded-context               2088      3.29x
     3   0.6     0.1    0.0    0.61   0.69   1.00  monolithic                  1036      1.00x
     3   0.6     0.1   0.02    0.61   0.69   1.00  coded-context               2928      2.24x
     3   0.6    0.25    0.0    0.65   0.35   1.00  monolithic                   888      1.00x
     3   0.6    0.25   0.02    0.65   0.35   1.00  coded-self                  3914      1.59x
     3  0.35     0.0    0.0    0.34   0.85   1.00  monolithic                  2368      1.00x
     3  0.35     0.0   0.02    0.34   0.85   1.00  coded-context               4392      2.84x
     3  0.35     0.1    0.0    0.33   0.66   1.00  monolithic                  2516      1.00x
     3  0.35     0.1   0.02    0.33   0.66   1.00  coded-context               5880      2.23x
     3  0.35    0.25    0.0    0.37   0.31   1.00  monolithic                  2220      1.00x
     3  0.35    0.25   0.02    0.37   0.31   1.00  coded-self                  7372      1.57x
    10   0.6     0.0    0.0    0.52   0.74   1.00  monolithic                  1332      1.00x
    10   0.6     0.0   0.02    0.52   0.74   1.00  coded-context               3288      2.47x
    10   0.6     0.1    0.0    0.51   0.53   1.00  monolithic                  1332      1.00x
    10   0.6     0.1   0.02    0.51   0.53   1.00  coded-context               4944      1.64x
    10   0.6    0.25    0.0    0.61   0.25   1.00  monolithic                  1036      1.00x
    10   0.6    0.25   0.02    0.61   0.25   1.00  coded-self                  4370      1.50x
    10  0.35     0.0    0.0    0.29   0.57   1.00  monolithic                  2960      1.00x
    10  0.35     0.0   0.02    0.29   0.57   1.00  coded-self                  9310      1.61x
    10  0.35     0.1    0.0    0.42   0.27   1.00  monolithic                  1776      1.00x
    10  0.35     0.1   0.02    0.42   0.27   1.00  coded-self                  6194      1.61x
    10  0.35    0.25    0.0    0.35   0.24   1.00  monolithic                  2368      1.00x
    10  0.35    0.25   0.02    0.35   0.24   1.00  coded-self                  7828      1.55x
